6995960
17046417
12367662
85766121
49144244
5479096
90654393
96372641
52524775
84466999
30130228
61438967
82120411
16296746
8705952
88839984
61889867
67915725
1545538
12029300
78554433
31945464
93510270
4813929
58815926
64000000
36872051
45435447
14943714
40723002
9121580
48448273
41023389
13743964
9166929
24553168
1941763
61873535
41206174
58458307
34826030
75210663
26448435
48538533
17971644
2012152
5474057
97581596
21096014
84518148
3001005
69792008
16837665
6999034
98170846
78125000
35064467
92404302
61164044
33797475
53719159
84370819
70310919
86634567
25991884
83173305
43401785
96347680
47045881
75966022
14495313
97320877
88115456
16746558
24728072
77117136
37289738
28643939
49981969
64418977
67625694
73646421
46711412
97512313
65735436
64860364
22769104
44625596
25165553
42240052
56207357
87644770
93203633
97505788
54756710
24618437
9278099
51136298
90652083
28866710
37050602
21264848
25492663
32440238
94427310
43740801
24204688
96765000
22623789
76476607
83674195
44336764
46841301
91063654
22776246
88610283
78506087
9766116
10859955
99879679
98010199
49392223
99884380
94129071
62932803
70879344
82461502
12524268
23279983
33708767
3087593
96729415
90561924
46952611
45033811
52685554
24768179
25677105
40000379
61622698
59107840
32190855
39137881
99156252
25950577
65737187
9806167
32122854
4298204
26888333
46213144
15066601
96926761
15257374
76777010
96962018
20485216
43211029
94658264
55415771
44136927
41024023
8518199
17733774
8494996
92710259
48846465
6408067
82593764
31112959
8764751
61318186
30043892
85913735
47534469
8600692
74733115
94549758
31224464
38346685
65585905
1181656
38459850
31848855
88117678
50881519
25824109
4159095
27976466
57375935
91574647
67746607
74812652
9524596
11735940
87321726
34694332
85710152
44557857
50245602
53727389
6396078
29387997
4364660
49258798
35281400
8925412
73907437
38873293
80396216
80861968
53238407
19144388
91413461
63744005
20116548
94910504
18560760
27604313
50488488
74632543
7384802
62493526
96597342
241150
37095248
34386107
52322285
27739153
85119488
36659575
48922099
23370246
50588219
76593640
38974082
78166686
58757674
67578217
64832385
52607996
18250405
81671163
89151178
91924821
92708021
2397760
93444409
9674096
12855002
92997635
17187814
16749692
37996662
12274069
4101283
69370334
78236263
12725152
8057561
86395244
75772645
93443445
28562224
43123465
53925956
18421433
28399435
26711724
73900805
39986801
68086903
89331397
73831256
42469638
82203012
29601261
10458552
13571663
58349236
90126277
91011921
84520956
49823510
19732829
79992826
81250158
96689042
53501028
97940835
74449346
2573404
71522840
98249939
55286152
18751441
7907712
61123934
92534894
8198873
76986465
9342896
42729721
60400326
46092731
6172206
35195303
68445067
70217516
421217
64562132
88012122
13033345
44326389
50840289
47061150
13179261
22101929
30619446
64730436
26401506
17130922
34012224
18498937
68213329
51375158
50062072
45891998
68474451
48022729
60358232
95402341
60879635
65818344
69619285
44605185
79920722
68527443
16334913
83832605
16583325
77607614
6100804
29256614
17612457
41218477
17244755
88761873
31316264
70052004
15711319
53023735
54021225
95935869
88586605
57291624
92850331
34913676
41873961
90502368
45505311
32274657
1542136
3257479
46274478
79045508
29366781
35271802
57144538
39674676
82610098
58896051
34387723
29547984
26430680
25323837
32603752
5639842
88237988
85649804
97273317
81706562
78197383
69861090
1498190
13555592
89120357
40785089
83417693
40984665
63894055
49816461
60315005
50540571
61735994
4035395
77731836
93866871
46676424
2140763
14264652
94515016
85457842
79736115
90221112
67900752
66207179
74943266
37884507
38080473
83935559
12773633
71920307
28874738
86016101
41635678
33229623
52525479
83479157
43921302
90535542
33140884
2249116
90937441
2323953
18905191
61444147
1245227
34680448
16815875
4706472
62771103
92858440
44444482
78261703
20464224
60788131
302763
87273260
98963334
2820052
41229468
98854774
67599832
83465332
21940485
4759603
99128295
28865738
15970370
29337351
34656919
48257829
31398614
87429726
67827933
6356878
95517292
92652924
64175698
2375979
98691677
26451401
59120018
42396309
29641548
27595759
38830465
17327237
81114383
35659378
18630107
51723520
98285875
5217196
10911174
13697064
88973839
88528979
89149355
96166609
51811747
78008707
22145194
96146367
32756969
37821991
30229567
88624454
44463004
6122767
90403561
83518698
12210996
30413356
44682860
38125503
14350918
672310
71787595
61168506
34063090
89466060
20227546
70794189
95431262
34543823
80501109
97580916
8512629
460426
91213690
29485846
23555760
43448903
67256319
87552047
58033204
46551119
79298150
2478659
9885605
91581698
82949296
27796193
33774651
31912075
43260331
98144256
88819153
95780515
96906839
43230171
67464114
30453049
88075598
79718149
15458256
55466174
7401565
31155505
16201544
36419037
34807399
63337981
26660679
89532280
66897118
66257080
21496145
27733500
31096409
57374558
30818171
53202408
45642476
62296356
48073520
95736823
65931604
24137569
16777216
54338806
97252679
19718509
71597440
27934950
83260943
72044541
88754012
38449979
73764471
31534789
34420754
12913323
54430861
16950003
57262538
90686950
75199025
16661865
52496682
48226460
76305224
36274163
91332770
29254152
8092700
99882224
90125141
88957748
55677721
8324376
2070030
68312402
11390625
19846630
70112693
4835351
33809396
77468702
5967406
70627537
94000336
78303591
21750869
99850810
96508518
54499118
59241452
18555088
38648998
99096413
16334444
18357071
21706264
90079484
79603605
67880897
51414370
20713509
17108773
94757322
4176566
7529536
47764048
55793438
21221041
82226479
18470544
6862563
87691138
63841232
36459414
28698771
28469173
43327081
25445311
72236113
59929912
19466229
68712072
37154432
73622077
88637993
35588984
93868989
61677610
8183483
89899337
91186219
8667348
45349174
20199657
81870323
4826809
65444310
30207824
66857189
59065597
99597242
6119550
50166448
93739021
23747503
60168849
2510891
40229288
34179703
81008032
67752097
65444015
42590338
179631
71507013
10214079
13589268
55509949
47577233
52321973
82102724
53136454
13859284
42533999
90780062
52897731
84907377
25503793
61377056
50927286
68509071
45926327
4759830
69966815
16827449
718696
63339952
4805066
38010996
52123486
23307887
35195181
62667379
60495140
4825626
31145000
49260635
90055198
54120569
86938946
94325478
49974028
67043013
72163667
28387602
87214677
76286854
88375359
2124900
72136153
52314002
98750376
99949740
78715001
62407562
93861247
66800476
78706013
6071075
37687867
55811359
8410279
18059065
81718520
15609582
788975
2985984
86291083
21299506
83393301
26977375
47049702
19978406
85555762
24148031
69701127
56946830
9839310
22044578
24689600
31781576
5759306
22549859
78179344
66783057
85893942
57235094
80774592
80453062
87682648
36233902
96541609
26774431
55427148
52250462
78584212
45646589
38689586
27853725
8835453
57293108
56493440
67057814
97097762
80693464
1771561
64714830
29383810
46795476
39235193
22114645
41837668
23195510
55702295
22885181
33535468
77260673
60627578
76775416
11583032
94296538
91393479
46928249
89920574
1026139
97198263
56598206
48054838
56311972
51121577
9351224
32304176
87282247
24610010
96360262
71073026
1000000
6713119
38664867
99509043
38159166
90311067
13527711
43457002
32605302
83358818
1752569
95264828
48000804
62297531
96646160
15076943
97654246
87898878
79399796
39515914
91378205
74201550
41337209
37101743
6372572
91858676
9461260
13464425
38154223
37837908
99496111
1523810
57698820
77341770
69809354
531441
95705770
71482325
77979642
20983578
28056063
59338968
43733036
96908621
98894547
14581436
93468374
74954882
3104556
46438503
91343547
40092326
1297694
15564351
22819552
28361063
75635410
95958238
58143455
4139611
262144
55779646
14964998
13687389
66627102
83902224
66967582
1519742
41141515
82467628
33909477
37132284
13512521
37950126
50053978
86213096
60845
36174035
5150287
78227768
66454613
636100
65966652
28102448
117649
94509341
86626983
25990985
95318273
22266687
71873643
77742629
75401292
48844627
90323653
25141617
47752251
83930436
32543120
67023401
82381010
9034896
7161788
14323192
65760633
69117112
37795454
19263504
57557908
77723824
57945517
38735298
50249534
37298148
74952968
33738870
49494817
94396085
81650185
95021415
5872856
32480838
60411283
48114006
46656
49304135
61060767
17530057
71453746
5677864
65716358
96316013
69647422
59767066
77995126
25396248
67174206
51331102
58615823
80347891
67121064
26107046
20405235
92632989
83762117
76537275
44589199
85053948
2131554
22809003
44331887
30696787
12357278
31054520
33919597
64218743
70208296
39378180
83036589
30619512
61766874
5009407
4275974
8144046
95393914
3760674
2989652
15625
64532183
46354796
57309146
86221488
55582591
51986988
84677528
88094425
75119997
40611016
40738255
4096
39407146
81798472
40459400
22791786
729
49731975
25355257
28644721
49804960
98428039
43204299
64
50418128
1
0
